119593
107896
121579
50230
135340
63795
47407
127650
126112
56704
68212
132378
129355
49826
113903
69887
113316
67114
130133
69464
69234
78407
70546
50824
62448
83536
66779
49002
51583
79518
64306
79902
85479
66198
85809
47343
77306
55623
65049
80374
63778
63858
49501
66879
66670
62336
68547
48278
49874
63431
64610
66550
44238
67245
60031
71295
46787
67713
67643
66360
46025
63164
65456
66349
73653
48615
65503
66186
65815
67666
67552
48147
67904
67086
67907
47607
63222
65903
51250
66414
51738
73384
78101
60838
93504
90413
49852
70651
87779
46998
97007
66862
72438
48577
92812
90428
99816
94314
65512
48255
61039
70556
69580
49232
93128
74474
50545
61836
88536
68660
51545
78618
87741
50514
70433
76821
50976
66056
83993
88619
63549
67993
66171
49896
62186
68023
68862
50229
69149
63617
67989
47797
74158
63433
70710
45439
63008
48628
70298
69563
67052
74661
49631
89432
94553
63667
48712
94740
48639
96610
91780
64445
63977
89919
45971
90774
93288
66003
51873
91502
67928
64770
48500
59320
64962
68926
70488
50447
48781
66380
66872
71459
68199
65651
52818
67424
48896
66123
73217
68434
50246
67366
67130
68176
65499
66960
65058
47477
45872
63875
70853
62197
51611
73220
62504
66052
68643
66927
47117
66447
68528
66287
64541
50862
68068
60601
48029
67145
62569
45559
63234
69569
67974
51062
64593
66613
64629
68819
68646
49641
46095
61311
61702
60867
64756
62276
66798
48048
49892
66587
65342
67106
52571
67501
67384
61473
65083
65762
50853
64725
51312
63150
67879
72116
49454
69089
67725
68416
64728
47591
65550
63901
44804
70694
63200
64499
47447
64633
64058
66156
66173
69088
52625
65334
66690
67263
65643
49883
47672
63226
62322
68265
46483
65565
64684
65183
46905
59191
65979
64443
76535
65504
65725
48510
45434
68053
65175
60760
66401
65141
48151
64260
60325
64229
47335
66061
45069
66827
66328
65433
44153
65887
60707
65678
64452
63194
64598
51618
66130
66370
67537
51185
64789
70191
52283
66872
66762
53276
66860
64751
66679
64365
48744
63388
46459
67887
64845
69459
66839
44802
63486
66175
61893
66469
46340
68194
46286
68016
66989
65663
64144
64329
71037
49370
65327
44956
68343
64348
61032
65557
46226
67064
47491
62552
67024
71238
66063
65781
64176
47740
44828
64413
63149
66905
72056
63678
66313
46115
68373
47874
66947
65225
68069
69520
65711
48513
47281
64233
70702
63855
68493
50273
68371
65981
68590
59392
67159
48960
70442
66274
64995
52481
67603
50737
67384
65680
67275
70792
69954
52599
63732
63491
49417
63896
44431
68209
65770
64915
48575
67373
67194
65502
63804
49450
63061
72163
64147
64972
49223
64517
65299
61454
46445
65117
48711
68167
63931
60398
66147
66040
67470
46618
47338
68057
66820
66398
69717
45625
72685
64393
68676
64572
67814
47079
65644
49248
68411
62513
63418
48532
66045
66757
66840
48250
65257
63883
66726
66206
64157
48979
69036
49619
64158
68488
52613
64796
65524
59882
64984
67988
49876
64984
59668
47068
67820
69094
50001
67513
69151
64973
65169
64964
47702
66342
47335
61655
65999
66619
64827
47641
70823
66982
61489
47727
63693
63516
65772
45982
68534
64947
48085
65606
68240
64183
67994
62227
48190
64541
65717
49699
67160
64709
48259
63087
71285
69748
63498
64347
64306
48906
62576
44658
60868
62104
44875
64639
62500
63340
67521
61977
68389
46930
65912
63346
48619
66708
64278
68702
46998
64760
64415
65121
46064
64073
68048
64624
65339
48595
66828
45447
65995
66019
70568
66748
46880
67668
63457
66495
64698
47607
64303
48180
67177
62536
62437
49016
66979
62701
67429
65128
48076
68898
65592
68673
48165
66242
50014
64790
67700
67805
65173
50325
67424
62089
48738
66210
66782
67048
45832
60260
66162
66358
69766
63674
46155
63912
70353
72705
51285
62402
64832
65039
64506
46761
65768
70500
45193
64839
67226
66830
48228
70346
63296
67105
66678
47707
62255
76534
70728
51128
50253
66327
58650
68893
65439
46895
75994
66057
64766
62472
65569
47432
66664
67498
69173
47818
49409
67494
67224
67286
64745
65830
50757
68192
64814
60775
48100
68393
50456
65698
66935
66566
66762
49491
63988
63258
65847
65113
63755
48587
48532
67220
66880
65086
64782
45576
63294
62452
66788
61868
44797
67207
64298
65407
49395
67218
63697
49240
67286
61452
66827
71267
67607
49750
66895
63095
65395
45858
65736
62444
68801
48479
49191
64407
65315
64956
50786
66270
67906
67889
61163
64003
63883
45507
69500
68798
51726
63882
63316
64214
65410
47119
68298
64064
67761
47483
68736
62493
44778
61653
66980
54241
67051
67565
63360
62436
65929
47109
63458
49805
65720
66277
66969
46370
71586
69647
67327
48298
66309
63431
65835
48827
63041
63214
71530
49250
63785
65498
66457
63420
46837
64612
69998
66390
65324
48269
48870
65378
66545
65432
63539
48965
64488
66429
66526
47840
72073
60445
64661
48480
66327
65697
48552
65420
64357
64231
66442
66967
64602
46120
68963
66839
49210
63773
69684
70817
66129
51168
69462
66840
62453
46753
47400
67411
59648
63993
61720
66012
45970
64124
66289
48056
73644
63496
48240
68594
74937
59331
61765
49876
69305
68440
69281
65111
63228
47374
61111
62937
63493
47280
64219
66475
62455
48776
60310
66016
47748
64942
67292
48462
60489
64840
62332
63061
68330
48161
70510
64709
66093
48418
64585
49595
67491
62097
70933
50007
64202
65778
62806
63436
49975
66809
66535
50276
66044
68506
63661
47708
65600
66381
68701
63330
64431
48909
65566
48125
65355
63930
49744
65188
65285
64006
59463
49995
64314
71556
67047
66057
65178
51210
80124
45827
69522
64633
65086
66415
66684
51306
65900
49899
61863
64169
64663
49357
60901
65281
63769
65945
44328
65396
62336
63330
65387
48103
65508
46552
61437
69684
66245
64028
62799
48158
61260
65261
64853
47987
65310
48753
65197
59173
65620
47293
64152
66399
69768
70877
68465
56319
62715
67173
67331
45862
45124
59436
64888
63934
67374
63436
67308
47931
63484
61316
68654
46859
61739
49394
66906
66941
64846
45480
66284
65551
48177
66524
65654
64171
65050
47637
64445
64247
67214
59164
49434
67505
66174
70198
65602
50015
49651
62991
61694
68215
72547
49122
61883
65321
66655
48936
67507
63033
50545
65417
65157
62788
67029
67408
47108
64891
65586
69402
46778
64486
69371
64407
44807
66020
64170
63424
50852
69106
49690
66415
66758
58960
65287
63525
48133
65188
67349
48237
61169
61584
47803
65865
67247
66080
68511
48272
68084
67010
63012
48499
67369
63819
48418
67007
67779
61185
61097
47355
64560
69338
65764
67693
51117
69639
64177
46877
66025
65335
49856
63595
66103
66840
49379
67673
63723
64548
50329
67942
63320
67710
62203
64727
65501
48274
45437
65176
66226
62281
63102
49309
72175
66238
67496
65805
66327
53468
66609
63055
73552
50167
69890
61216
66889
49580
66921
66164
63949
48580
47152
64015
65777
67172
63951
65373
45536
65585
50169
70284
69955
61088
65531
48365
67947
65522
62576
64601
46507
63810
67268
59732
49117
66941
71018
68578
46226
63634
66080
46535
63184
66942
66034
51204
63598
61285
67175
62233
67362
48853
43762
64764
70700
68703
47436
62805
64995
68351
65986
48014
64089
60878
48859
62443
65359
67074
60771
65102
64193
47825
64248
69516
64711
48038
58112
76436
68076
79367
46767
63590
67187
61263
67219
49652
64693
67651
65639
66643
48567
68340
49429
62900
67452
68494
65657
62445
68344
49282
45517
67799
65732
66520
63662
64287
65300
49814
68281
66454
48662
66918
66300
69181
48277
70344
72479
48856
70681
65383
65278
48442
65804
67260
49941
72970
63821
64921
50168
65565
66229
68692
67123
64867
64226
47144
46442
66557
65272
64460
65894
72922
61411
45017
60707
54517
69898
66328
64086
57162
70735
68759
53904
73815
60442
66374
49904
65546
67145
64046
68969
68667
64341
50171
72924
66885
47465
64959
62414
74280
63281
45579
46624
67016
67177
62639
82326
52065
69139
74600
78161
85604
81529
49400
75873
66157
48704
82309
84925
62433
78367
44979
66079
72651
46259
70147
66943
66803
64646
44099
65420
61787
51481
65564
70146
60923
49427
69259
67280
69470
67339
51391
72149
48772
72141
66854
66031
49150
70387
69026
65873
47683
66788
64747
46199
63462
65564
63904
65223
66670
64915
46407
48739
70318
62223
66272
47386
68165
71185
60679
61339
65065
69359
47055
63488
47475
66727
67552
65694
49603
63089
65436
48534
60215
65754
65005
67982
50374
65692
66024
62472
71548
59831
71621
61789
73990
72975
50405
67672
70746
72933
49684
71111
63422
66495
50752
65631
48719
64005
65220
62118
62559
61749
46212
47130
63313
64696
64051
47263
64556
69109
66099
46175
65330
69227
64293
67362
63881
66953
47368
67446
49937
64956
64600
69363
67237
65805
49087
67136
51592
64883
71639
64006
66841
64046
47781
64072
47867
57344
66977
48498
66561
60033
67414
63769
46908
68790
69400
66619
70932
48404
66928
66724
66254
45922
63880
71936
67153
64535
49062
64575
66735
47931
67732
64549
51142
70608
67183
65902
65640
46642
63855
68542
44801
64560
69858
50741
59742
69640
70565
68793
48820
70261
69738
70926
67706
49453
65126
61002
72641
71059
51102
68680
62633
50809
67572
70867
63486
50736
68965
62095
67951
74635
51787
68886
53666
64068
73159
66061
70450
45583
63461
48895
63999
64422
67012
49145
64549
63855
68300
59566
65502
65057
48444
70111
62606
44703
65416
72238
69614
66916
46884
47570
69290
67133
68139
45902
69870
65843
69200
67831
49414
71328
64798
46797
70701
66801
71000
46777
66668
64039
64791
66563
59815
52376
66836
61173
62592
67081
46703
68137
63752
71154
51358
65713
67205
65010
49982
64946
68119
47757
62010
69395
61028
63873
51084
52701
62311
64704
65466
47998
65076
61180
61544
61582
64690
63609
46014
66463
61756
62669
51959
66776
46783
64560
67476
48173
67416
69120
65461
62797
65787
65221
51494
68294
46243
64619
68068
69704
65419
47546
61862
44427
64726
63523
61931
65841
65900
49079
64155
64938
65384
66365
48517
47507
66775
62799
65217
63396
68488
46224
66189
67052
49711
69273
64908
62672
51745
64853
64589
64934
63330
48274
65796
66026
62043
64010
48482
63259
64391
51541
68575
68796
68816
47521
58777
63604
62024
51805
66973
47816
64365
64074
71553
62621
60401
52074
66678
65205
65364
64936
50276
70138
65000
67670
47999
65687
67208
49327
67071
67287
65737
61565
45255
70756
71177
49616
62312
70248
48702
72267
64794
71825
46944
69600
62823
70540
71388
64257
48590
64538
59661
44757
64523
47185
67387
62783
67826
63784
68168
47449
64899
64287
71977
47105
68198
64094
67366
50598
60577
64503
68279
49911
66153
68811
70372
50757
65418
49214
66314
65252
59743
63652
62813
51714
67249
51743
67985
67353
63289
66003
69266
49531
68477
68849
49730
73992
74296
71373
80009
46412
61770
50044
84229
73276
63923
80049
79824
52379
76878
78504
84354
45070
68833
53499
63973
60861
74575
70577
49056
66552
63992
44387
70196
62990
69546
64227
63502
63499
44446
63043
47796
64274
69073
62172
46110
73620
68766
73741
64806
48261
70868
84705
48555
63860
76994
63839
54399
77240
74223
71533
64914
70885
48464
65197
45256
65745
67168
62828
71333
47964
66827
49636
66451
60043
68659
61085
66240
51726
70819
66006
66024
49055
61746
65268
63023
48899
67119
66883
62683
48103
68116
64658
51391
67051
66120
66743
60215
68058
48747
64284
60986
65805
49133
62828
62792
63665
46817
69564
44780
61851
64707
70098
66546
65335
47545
47947
65811
64992
67329
48588
70147
67644
64327
65392
61984
47786
62338
66583
47432
60522
67873
60616
45012
65867
62540
62096
66114
47059
66758
61689
65665
48518
71266
68635
66640
49087
66539
66546
68809
63903
51346
66382
66627
70052
50730
67688
64136
64154
51434
50205
66766
69254
63749
49961
64194
65179
64269
66919
50372
65077
66187
66358
49655
65289
65489
50158
68622
63461
67731
68921
66889
49021
62650
63639
63335
61147
48873
63791
49098
67938
67279
52187
68203
68267
72147
48684
67201
66757
61142
48533
62618
66016
64893
50972
63997
72873
62925
67026
66894
46094
63436
62539
66357
48307
63299
61550
64792
66433
48831
65463
64254
63289
46391
64644
70082
61947
46289
46827
68688
68272
66456
73573
46308
65683
59822
50445
81645
70557
68209
69516
46893
69814
72234
63308
63149
65598
50700
63889
47774
64733
67383
65520
61812
46970
67789
63915
69998
47436
68095
68002
56904
63612
68131
65170
46644
64391
63757
63660
63665
65106
49189
46620
61866
63723
70360
60631
65773
68365
46276
48406
68002
68359
65256
64067
64040
50723
65665
65119
46691
68923
65572
68193
63862
48339
65811
63156
75104
47499
65906
63535
66372
47648
63501
65082
70497
55254
74126
67023
75037
44180
72824
70075
71245
72524
49158
50355
71696
68343
66737
72193
65252
74040
43042
68723
47166
69513
67729
44819
65077
65367
70589
49210
64526
68827
64467
64119
48248
67935
63874
63113
45804
64286
71132
67602
66598
46074
59803
48167
64612
64834
66837
66339
71332
46860
65312
45155
63883
63685
70062
48422
65112
66644
66337
50260
72854
69029
61437
62175
67654
49016
67520
61227
66429
49209
62519
69180
72654
69644
48048
68160
62175
46363
67442
62103
66783
44907
65242
65295
65443
52146
72874
64992
47506
61775
64112
51241
64505
65926
64742
63998
65405
70789
47414
71309
49124
67647
60400
59823
68134
45128
67369
61711
67104
65779
49936
66589
62441
48539
67327
62660
64623
63609
46320
64496
68327
61086
48870
70696
65274
67694
47702
69161
68318
50024
65192
66258
63470
45852
62260
65902
62244
47662
63631
61573
45133
66085
61047
67311
51937
68751
66962
67390
65896
62069
52032
64671
60353
48952
63720
67577
66055
67670
52044
48070
62931
64262
64229
63897
48790
65265
62729
49566
64110
68813
67315
66477
64106
48128
60297
46878
64762
63226
64782
64204
65354
65905
49570
68276
50516
63437
66774
66332
65872
45640
73268
58302
63329
49754
64748
67470
50787
69061
66873
64588
52052
67605
61572
45156
68044
64054
69483
72501
65506
54368
73940
66675
68284
46522
65075
49788
69671
65848
60495
51403
65732
61676
66055
66273
64346
45769
64855
68374
45518
63507
65612
66082
65024
48435
66253
62548
63441
63422
48023
60400
45446
65208
67779
63939
64794
65976
48161
48036
64785
65296
66350
58500
49947
67396
66169
62508
65749
48330
65879
52960
66271
62959
62796
66252
67405
67204
47896
64334
64803
63826
50560
48632
62556
63128
61820
62792
67441
48961
73280
63351
46946
70343
64863
70562
64625
66119
48724
62790
52837
67738
68242
70510
69046
47817
64888
45076
64835
64684
67351
69995
66289
63216
44026
64994
67681
44930
60807
73818
62633
65367
46584
48467
65883
64485
65696
76416
70122
56612
68921
65106
61635
49285
64822
48825
64867
63735
67367
68775
49089
63620
66182
50247
66671
64630
63028
47708
65870
59223
71371
64123
62827
49021
64776
69143
49271
60173
72619
51333
66779
67769
72761
67883
64943
47099
68996
68808
49070
60244
67877
77760
80505
50003
69470
66684
75005
50162
71984
47450
81580
68191
80538
65995
76842
44618
74575
66083
69334
71395
51911
74785
65239
76478
50923
46901
79313
79581
70867
66933
47879
78084
80464
50437
74490
79649
67108
58035
70188
66998
68102
65696
61762
48885
64578
64747
66552
48623
63259
72521
67250
64984
51313
68456
52006
65510
65706
78246
72813
54966
71862
45018
63996
67439
69742
65878
46108
67169
69867
48701
69576
69097
65438
65351
68342
45773
61963
48197
68116
65093
62281
61997
68754
45310
69114
58959
65543
63890
48555
67920
66899
68671
45914
45580
69379
63037
64986
66829
63514
46294
69578
65151
67416
51490
67587
67865
47685
69998
67755
67862
66958
60925
49444
65279
67400
50798
67835
64572
69727
50177
66401
67099
66894
43482
65316
66130
51343
60362
63606
65348
50255
64912
68391
67679
63484
65980
46253
50895
67346
65623
66271
66381
51865
65403
62132
64004
46517
69771
69246
66953
50866
70259
61690
65035
47967
66576
66407
59186
66370
49671
67999
67977
53449
73741
72303
67950
49833
63056
60688
67313
66268
49922
64902
67512
47978
65747
67143
62714
68457
48393
65332
51317
67933
66998
67528
63128
67677
44529
62976
80702
51266
64467
78482
81236
69876
66924
50817
61416
78514
75740
50201
67614
45006
67091
70107
50095
72215
61827
68192
50222
62102
67371
68043
66112
67127
62085
50476
71669
62568
51059
66623
64132
67499
49183
66026
47845
64874
63974
64922
69480
49001
73031
68268
67746
49955
65966
70564
53580
67410
64515
66412
64402
63525
66812
45270
68252
68863
51925
64901
73610
71592
48539
68190
77056
67267
43828
77971
50155
64857
70070
70304
70860
65997
65053
46412
64803
46611
63241
65731
66401
68510
50503
61840
61734
67764
46415
65151
63808
46017
63728
64336
72887
61460
69406
50941
67990
64366
49689
66375
65380
63112
63261
48038
65844
49836
69145
65977
70663
69994
67518
50657
48724
65468
62944
64245
66995
67549
62292
49967
49804
66387
61672
70885
61176
44797
66338
66969
61875
66565
67306
50291
64462
47791
67542
66567
71007
63727
67569
48028
47107
65286
64790
63422
68901
48015
72096
65376
50526
64988
64237
65291
64655
62234
66655
50297
68741
50472
76428
60092
66225
66216
69090
47961
65030
46788
64503
66823
47766
68205
63875
64694
69009
45754
59269
68720
65138
61300
49868
66090
65980
52448
63428
63179
68066
56823
67848
71246
65299
49138
61834
67965
49956
65518
63033
68792
47259
63230
65749
66435
67791
68707
47664
65840
50853
62599
65065
63947
65417
67312
64519
47289
48854
63286
68383
68056
67997
63691
64017
47606
63520
63739
47847
63815
63968
66893
49161
65385
64130
65547
46012
61484
63878
64878
45570
64607
68091
51581
68069
68970
68015
44673
70499
68363
62384
62167
45057
69501
64001
64543
49898
65861
45464
67946
67260
63920
69043
64143
50636
64805
66838
61129
66673
52301
68007
64182
64272
47888
64317
66336
49368
67049
47666
63737
64479
63819
48049
66566
66464
62082
63176
65710
63171
44777
46454
64934
66630
63222
64952
49595
66937
66141
69251
65218
45486
64344
66055
45201
65048
62502
72137
52181
67076
64337
62590
45933
67423
63955
46966
69249
65013
63722
67590
67304
61221
44651
70138
71453
67858
48990
73707
60509
44544
66934
51827
67065
68094
62176
45491
67076
65043
60588
66291
67867
47889
66575
51206
62231
64321
67750
68731
67799
45619
64976
65107
64774
46868
67115
63730
47752
71554
66052
70641
49335
65693
66818
46387
62399
65541
71800
66131
46124
65263
64730
70078
67596
62773
46488
65705
50207
60854
69522
64580
49775
66312
63495
46597
73091
63549
69649
48156
74156
70637
73092
72619
65889
46083
68909
67689
50292
63569
66956
60883
68333
45505
68470
76172
50817
76077
63285
76539
46402
74062
67139
45846
65131
74117
74979
51430
73927
62995
75540
54494
67503
67389
59333
63066
64154
65897
46125
67505
63340
46998
60695
60549
46526
74952
73962
72752
64313
72689
47444
62459
52047
72387
70790
65884
50899
64765
64830
48215
69362
62200
65096
63555
64161
65653
49120
47587
64731
68796
66969
64640
66457
48092
66629
48211
67623
66776
66017
51637
65891
65721
61829
46941
68193
66724
65870
70036
47603
60970
64890
64889
49099
64202
68294
50601
66243
66892
63509
65314
63950
47879
65348
49069
66004
69731
68160
69012
48504
66895
67345
70986
65518
50594
62840
66035
63151
67059
47076
63685
66312
65279
47738
46933
66248
64874
67193
62668
46182
69683
67818
63941
70190
45152
64308
63874
64529
50172
69328
64594
48064
67512
61578
63099
66790
65247
45260
46290
63755
64590
63565
47285
65864
66828
66615
44727
63265
67632
60441
65922
63389
45186
71176
60435
69937
49887
70247
61767
44917
68657
68910
63270
47835
67200
68747
62974
67519
69506
48409
68842
75323
47427
66911
67486
67846
48316
67604
61975
63236
65144
47304
63341
65104
65069
45513
66717
64906
46797
66256
48421
62007
66995
70004
66902
66453
68935
45792
64558
64559
67947
47041
71388
75974
50442
62248
63349
46606
66653
63091
69092
72843
64542
48220
67858
62085
49038
65821
62457
63100
45262
69365
50892
69477
63076
71453
89889
50023
84348
59519
82944
47826
84599
67407
86442
65358
48038
84514
80701
64793
76576
64457
49861
63569
64726
66437
49032
65902
66361
66305
68576
67404
63671
50014
70422
50496
62899
69791
52470
60410
67853
65493
67813
65114
49401
65554
65145
88783
78770
52465
87692
49020
62842
90431
85543
87566
62469
48534
63772
87180
86267
50010
64649
67895
50654
69344
84361
49608
74740
72400
82195
58295
68084
48908
82537
50446
81864
80292
81788
81241
50354
60916
70146
72798
62376
44071
65693
66236
50469
67663
66491
61691
63803
48326
64018
50206
66276
65237
67634
66021
51190
61725
64869
60374
63816
48223
53014
63058
71366
77041
64238
62718
48461
66517
51271
58882
63214
68856
51168
62973
63401
66002
48220
66076
66170
61779
45432
64247
65790
64130
46362
65550
67118
65847
63796
47526
64767
66141
69468
67033
48233
61476
65679
48597
66472
63401
68442
65656
48056
66286
63675
68247
71973
50752
50618
64236
64695
60699
70997
68660
67938
49435
68502
48645
64919
61413
63349
51723
60857
69368
68209
67231
51863
60690
65451
61735
64057
47398
67408
69953
51297
68926
48681
65692
64875
60945
46310
66448
65952
65231
45337
65527
63594
60011
63527
45250
64561
70847
64922
64291
49312
70426
65469
67903
67231
48910
64268
61598
63918
47463
47868
63921
68804
61877
66331
63738
50214
70435
66329
64750
70280
50478
62711
45639
64303
62108
62241
65757
62465
46157
65267
65047
65576
46801
62435
44523
63679
69887
62538
68204
47753
64291
67039
66626
64128
47613
45626
63629
65092
65986
66028
62655
46261
64224
48110
72761
66059
61218
69608
68992
52960
67466
50411
68597
66052
65108
47757
66260
69317
65521
50300
64787
61514
70879
45361
67169
63349
66618
63287
67608
48052
64223
64364
59491
52428
65105
68373
68422
59498
51703
67710
68964
68165
49186
63638
49849
64313
64987
51675
67818
71382
68053
46563
66125
64159
64208
48150
66178
59582
62581
64041
62966
62964
45815
64698
66375
63983
48066
48075
69445
64646
65836
67321
47290
65214
64224
67298
44397
64665
65642
61057
63634
48977
63995
47575
61038
64955
65449
47364
67335
63429
64106
45008
64144
64599
67748
64217
62289
47886
66158
63873
64422
68305
45921
68823
65148
47400
62481
66304
64259
69942
48380
62019
68878
68736
46232
68197
65694
50847
62739
69314
50015
68786
64597
63189
48001
67750
65506
66794
50984
63956
68045
68743
47342
66819
66712
61261
65189
45106
67417
67773
50086
61832
64686
65480
66481
46814
65158
69007
62364
73522
49414
46335
66522
67414
65190
63168
64955
66954
47896
50240
65937
61836
65558
64263
49025
67580
64590
49015
67759
66715
64275
65520
62200
64411
51272
66991
46523
66957
61650
69773
65645
47070
68617
67535
64661
49093
63979
69206
69776
68389
50043
66208
50396
68598
63467
70553
65600
62538
45879
65786
66167
69513
48120
65883
61956
47878
63984
63024
44033
61764
64715
64809
63641
64051
51293
44699
66429
63774
63228
60611
68918
64851
48985
68109
47131
66712
68129
48213
66840
70033
63536
49329
68875
66235
63180
63340
68413
50176
70789
61259
65131
68149
47641
68966
68396
49591
72268
48008
69334
69518
65990
51922
68641
74494
67526
69919
45858
73578
68189
60468
65513
67362
44040
61624
63494
45725
65410
46961
69495
61791
67277
47633
63301
69210
65217
65491
51566
69061
65705
66126
49761
66038
64398
64882
68693
64581
47851
65324
46987
71905
65746
68767
66518
63871
47437
46609
70377
63113
71340
62863
64690
66164
46845
66197
49073
58187
63210
64913
61373
62343
50525
66762
47575
62474
63352
64695
48490
68028
63806
63557
62608
64898
46804
47667
63990
67959
63396
65927
65771
45209
62155
65664
64546
60914
48671
48887
67152
61944
68177
48161
67253
64327
63675
66719
64730
65335
47845
75068
62093
47767
64654
64411
49083
63894
69286
66000
62087
47926
65677
64309
63936
48062
60582
67818
68544
51698
63719
61494
65108
63653
49167
64283
61910
65668
46239
51227
67235
60954
64687
65016
45627
62380
59197
67984
67770
47141
66436
63969
66582
64530
47147
65675
62006
45931
63342
65820
47935
65495
62859
62636
47712
67026
66521
62308
66327
65330
47157
63591
51067
72781
63444
65885
49736
68959
62874
47993
69413
65336
64799
47319
62353
61993
64688
49880
62822
71283
68012
63459
48157
65047
62372
47843
61719
66796
63495
66216
64416
72759
48013
63810
62274
63768
47338
62473
63310
65239
46646
65658
48090
67215
67005
50219
65710
61051
63556
63573
64879
64752
47066
45235
63928
64307
68550
62381
49510
64044
66868
69783
68446
49565
63240
47833
68491
59058
66403
71923
67304
48793
65506
64782
61760
71181
48891
64819
69523
66134
53020
69288
50107
67240
62485
65900
70085
65912
51466
70347
49051
63534
64901
72590
48433
64335
66960
69263
49811
64375
67013
49709
59036
64827
66636
55292
72119
68839
62622
49604
63744
63475
63830
45798
64092
63671
64748
63733
67521
50053
62426
64369
64538
45732
67253
65441
67749
64236
47177
64452
66151
47639
70081
62941
73550
65711
46286
63209
64872
62305
46420
72627
62791
67476
48983
65914
64364
48477
64876
49742
65396
61384
63744
67603
45921
67580
62356
63211
64111
67166
51025
47849
65205
64210
66016
49905
67089
62188
67027
63993
66082
51103
65937
49428
65576
62886
67799
65576
65384
51940
65978
53368
70389
63695
66195
67291
45046
66866
67590
45754
63869
61991
67535
64109
64223
65035
50598
71615
68126
68789
48754
64686
45745
64746
64358
66464
66685
68690
51925
64006
65034
49374
66305
47493
63558
69734
64960
67023
68371
65751
49326
62505
64842
48226
66863
63669
65094
66797
47465
63542
64622
47280
64483
46855
64656
63051
61525
64852
64305
65816
48196
63544
64688
66475
50183
65426
46708
69042
63651
49868
65686
64320
68416
51642
64746
61721
63369
66288
60830
66924
45709
63051
63258
48554
63788
50582
63656
67075
62640
63776
63214
64767
50585
64002
65418
47651
66599
70597
64858
49259
69197
61691
49579
63299
62754
64055
66063
48564
65207
59115
65105
47006
72229
66084
48378
71400
60471
49962
62982
64253
64540
69464
45839
61979
66122
67439
56729
70276
73805
62850
49328
67571
64923
61750
66371
69698
45984
46875
63248
62139
62512
61236
66802
46275
68217
60509
63460
66719
49906
73330
67206
68023
48007
63357
67459
64261
46039
45206
67737
60642
62306
67240
47817
59603
68656
68452
65306
69001
47680
66177
72280
44658
61300
65324
63689
70089
51027
66568
49304
72640
63664
52773
63356
63894
63808
63461
70697
49552
66469
61039
48679
68819
63361
67387
67841
63666
47988
66108
63920
55566
68629
71393
68269
64829
54349
63302
69656
47900
66698
68438
66489
48160
65764
81311
82139
70968
49276
62999
48085
73381
80544
76186
64967
48395
74695
65161
47044
67701
63339
63037
63970
65621
46882
71089
64379
66066
47913
69445
62455
63960
47036
73517
48927
66284
64158
64471
65629
49042
64893
44530
66746
59590
69344
61911
67142
50588
62536
64613
48636
64362
64011
67552
48857
70722
67245
66515
44296
70738
65937
68974
67897
52082
63478
62693
46704
66332
63677
63199
66923
65061
48331
60195
49734
66206
65824
62589
68349
46619
61102
64688
47057
64252
68072
64734
69899
67402
48737
49622
66328
59309
64892
65237
69839
68795
48917
48063
59078
62444
66139
67022
61968
49985
65516
61380
48076
65479
66374
67100
60461
67553
47852
66944
69764
58934
47504
48361
68290
70141
62344
63676
67405
47774
60076
64853
48983
67267
71691
48535
70969
63812
67348
68123
67576
63975
51243
68997
46576
59829
65866
67952
47720
64598
75452
51054
69882
68533
68130
62593
67704
55051
65439
51326
63099
66113
63870
49675
63548
63776
71602
61519
66099
46419
63060
66544
69590
47930
68489
60644
63543
46649
69809
67193
47952
61508
66909
66967
64393
64991
48715
47182
72083
63414
68066
71483
48569
64730
65402
69407
48815
65280
66345
68496
64077
49094
69000
60781
66348
66118
44953
61347
68323
64238
46054
48436
64634
64228
70018
64558
48507
65091
65700
62204
64131
50249
66955
45661
65282
62748
60891
64204
65196
70446
47253
66299
68454
66072
46598
46534
62586
62944
63393
61226
63859
49018
65655
68869
67865
51207
63736
66237
48250
66582
67096
61828
62005
63322
48235
47594
65493
68961
61933
66281
65053
62540
51028
64968
66890
47820
63909
61718
64189
43820
63209
64808
64237
63847
47090
66139
60562
63137
44485
62067
47054
71146
60917
66881
66451
67564
50098
64732
64275
64983
48412
61527
67953
49638
67307
66058
45984
67445
62923
63286
63487
46668
60881
65885
51079
65265
60151
64291
51589
65494
61063
44716
62842
66094
65458
63502
67585
64413
46713
68753
47109
63213
63805
62675
48334
67466
67514
64428
64451
67298
48865
66767
66356
47796
66657
59848
66843
48937
64122
70082
64110
68683
51985
64905
46476
64746
65116
65946
44652
67768
62472
65171
49938
62282
66202
69868
65109
44531
66404
44619
64607
61911
65485
64650
45758
63605
69715
62021
66419
50789
66021
48811
68584
63483
63391
46165
65114
61306
68024
65002
61743
50095
64542
66403
66839
64894
48345
48881
65130
70828
61538
66522
50364
63740
68967
68719
71029
52045
65318
64998
67632
66527
47395
68919
64048
62699
44304
65097
62820
67988
46866
67860
63053
62057
46322
64533
47582
68458
65396
65389
68363
47641
61610
46472
69706
62042
65955
66752
62098
47872
63303
65858
51363
68529
67607
65511
45725
67947
64260
48812
67572
62325
62434
72216
47742
64744
62906
67094
67041
51583
61317
63236
49775
70044
66509
48207
66354
65923
63761
68113
66449
49316
62301
66617
63749
46854
60620
64263
65065
65397
47894
63610
45587
64093
65018
64751
64176
48221
63721
68838
51735
65413
62744
69159
65887
66459
50939
48059
67237
64207
63942
62661
67819
67980
50072
66131
67406
65299
49481
61593
67374
49550
62680
63342
46112
69636
61686
71988
46144
62719
61828
63589
66101
45822
64475
48183
64160
64232
65945
63971
66792
62708
48455
65927
65153
47087
62944
65960
65454
50501
65728
51802
71339
67705
64485
48518
71846
73518
61570
70333
61188
70637
49033
62119
64155
65279
49861
50184
69114
66524
66820
69039
65121
66412
49108
66049
61883
63830
48000
62688
64098
49700
66383
60488
45685
66101
62871
49540
64638
69285
65960
48863
66757
66995
64759
71861
54728
74033
63570
64595
62239
49238
66047
54930
63373
67494
71361
67549
70667
43009
62041
46189
67618
67538
65699
69926
63831
70830
48633
64025
48392
66630
66388
61993
52667
64733
64430
67335
65801
65848
47045
48262
73504
68031
62989
65554
48584
65748
63942
64346
65588
67853
49934
71789
66330
46931
67629
66675
48392
63502
66394
67419
66829
67450
46303
47560
68551
58265
70296
50279
65763
62604
69022
61994
65074
65138
51360
63204
59927
49692
62378
45398
70721
74253
66763
49442
72719
64210
64771
68727
68619
67080
48768
66038
67369
53445
66720
66242
64201
67894
47432
48062
70089
63044
64914
64275
44443
64880
64671
65305
48167
64882
66204
48599
69150
66090
69615
62248
46866
66465
65001
65786
63935
69153
47206
64222
61712
70320
48545
63223
65713
50259
67197
65624
70219
52075
62477
64566
45192
61459
65697
66990
66049
47297
66357
44809
65448
61591
67340
65247
49214
67881
66016
61777
50731
66826
64643
49327
65010
72402
77259
61018
48014
70992
73255
61484
69769
49805
66705
70734
51746
68268
64735
49873
65659
64282
68956
66681
75158
76002
50060
71015
77599
65747
47484
79828
77415
62403
49413
67112
75912
47727
74768
54257
72279
68935
64952
68533
60785
47595
69904
49455
64773
61390
69594
68704
66928
47966
69377
66960
67892
64824
51678
63833
50157
64792
65109
64191
50959
76625
69049
61433
72120
77628
47401
76154
63528
71602
52994
57860
74142
71651
73127
49624
70155
66209
63784
70988
50042
79402
69587
49095
77932
66353
68296
47281
66508
78930
84080
82084
63754
76844
55358
76570
51756
66330
66137
63232
62738
63827
49950
66055
51084
63289
63582
68157
63199
50292
63793
68119
63110
67129
48257
59396
62006
46184
65891
65870
67958
49415
64061
61487
48358
65699
65326
65196
49658
65199
62418
49075
66836
62368
64798
66961
75578
51642
70597
64882
51131
67453
61247
63369
66216
50014
63902
69326
46112
65075
64142
65641
48989
63982
70860
48040
64079
57638
64154
49846
68966
64075
65172
45381
65602
68515
64257
68399
63223
62706
46724
46927
65853
63779
63312
62225
49057
66935
64546
67410
65170
69475
48315
47584
63094
64715
65323
53459
68299
62391
66346
64059
46628
67880
69362
51098
66867
68674
64716
64243
65000
54295
68069
67467
45608
64186
64951
44842
67633
65757
67609
65020
48055
64275
71349
49217
63173
61115
66980
46572
65640
62773
62582
50964
62815
67321
65945
47722
67353
65201
65120
68403
65450
51055
59680
46015
62988
63275
69372
67320
66335
62932
45942
62982
48810
63607
61875
51938
65027
66446
60930
49553
67056
60144
67047
49091
65813
63266
60955
64684
48751
64797
64475
62041
66077
47082
61830
49428
66658
65348
64333
65387
65231
49358
66001
64267
48708
67707
67637
64503
52269
67764
62791
66728
45015
62769
69138
66642
48138
67785
64182
64917
59990
46667
68748
65153
66539
63870
48124
47292
66432
67550
61924
64386
69020
68127
46535
67902
65986
67841
53465
64743
64556
48036
63509
47056
70054
61727
64786
66019
48576
62596
64266
48643
61690
64330
67918
49040
71706
64049
65630
62899
62493
49761
61442
63196
46099
61225
61947
50627
65522
64280
62130
64160
65539
44247
63027
69996
64142
47801
64644
65747
63801
66150
49127
65967
49436
68967
61264
59678
48040
67545
67512
67943
49046
65729
67976
66862
48730
65728
64961
65206
44649
65350
62836
66771
67048
62827
50252
62185
65937
65289
49950
70924
49076
68565
62464
47164
66096
61744
65852
65222
48108
63560
64299
63632
67233
59105
47045
70245
61001
49695
63410
69367
71951
64387
47829
66104
64253
66295
48806
50868
64105
64346
64202
50565
65036
65462
63490
65062
69708
48584
65712
67621
65409
64460
48154
66500
65506
44167
65127
67750
61757
50871
71257
49609
63371
64010
67442
53753
68337
65413
66222
70249
49475
65034
65926
44580
64433
65629
65144
66886
61541
66222
48480
64201
69756
61946
46232
67036
52243
62653
64195
65565
62694
67437
51845
63294
66084
66934
48671
66645
66802
61566
52804
72056
60340
66549
48700
64102
64338
48159
64153
47097
72084
65226
61495
62354
65345
67212
46396
48169
67595
65283
69850
66627
46690
64299
65448
62301
53921
65990
63643
67054
66746
68958
46961
65738
48246
64165
65527
66085
44629
69715
65630
64944
64966
49584
65255
66983
64838
51711
64178
71196
63683
63586
48194
64479
63027
49308
67475
65051
69017
64513
47523
48086
68578
68749
63298
65646
46962
70511
67828
48566
62537
65186
64140
64739
50714
66514
68320
67345
64124
47338
69843
67394
64741
49001
65805
51865
65781
69084
69089
62850
67493
50538
65483
63792
64533
67576
50556
65171
60220
48933
65242
63568
49280
69780
66150
73737
50280
66034
66839
48971
59982
64952
63749
68615
65646
64264
50385
61825
66710
61972
48440
68668
61423
60189
45817
64304
61942
47925
64712
46860
69570
69447
65971
69491
65182
49289
63380
67471
43637
60421
68334
67249
69747
50142
68422
65838
60444
66448
46501
49627
73783
65789
71076
48067
68701
71321
74078
69436
70222
56043
59516
51609
66510
61129
67262
48748
65051
64859
66657
63863
69490
70116
48467
67305
66461
48317
68135
63884
74472
47846
69459
49248
66785
59983
73508
67616
66638
62484
48205
70579
63748
67507
47769
66144
46424
69868
66665
47402
69008
61803
69167
65248
64340
64538
50331
77082
63757
46981
72492
46995
77401
80704
65430
82040
77419
46170
60246
79494
62507
79915
62963
71356
71469
64061
46954
88776
65780
50686
81430
64953
72765
95095
49860
90952
94757
66668
50113
86679
50044
88889
64366
51386
64543
83616
83037
49783
64245
64846
67520
64104
50124
68322
66681
61238
65287
67684
47282
68460
51087
64243
64764
50389
59579
66089
64032
68691
64263
65809
47775
61364
67866
67785
48353
49833
63267
60743
70267
63161
51984
66926
66170
71209
64722
44916
67570
65987
53249
62932
61270
65359
65492
64774
49931
65405
46805
64866
63543
61382
62149
50522
64640
66738
64813
49563
67152
63561
44553
63407
64596
65848
64560
49103
65623
67063
66782
47921
67778
65792
47266
69619
64819
64624
62993
63149
46930
62921
49067
63285
60918
65671
69469
48813
63698
60351
69912
50363
64601
66857
64217
66375
50475
65199
64154
46842
63325
62797
48187
63806
64802
44361
64966
65035
64993
65277
62379
46952
65423
62850
61492
60883
44855
62253
64512
60413
49484
61332
67923
67895
48477
63180
65630
48387
65928
66795
47976
66638
61211
62833
63094
49762
70565
64655
44629
65925
67028
65762
70287
66543
53400
50142
69208
64720
66764
62267
66347
49056
63220
49172
66842
63036
69738
68182
61543
63252
49004
66248
68862
50114
70431
63326
45528
69321
64158
49837
67415
67165
65107
70271
50828
66318
63890
64081
67613
65618
47669
65239
63607
64028
50261
65490
65263
66294
48499
65042
65946
65126
48036
67162
50060
64752
66701
69347
49728
76314
66518
48065
79495
65152
75869
58551
73350
70323
49690
64153
53955
77782
74444
58108
62333
72919
75506
52984
71739
69431
69047
66941
46263
63929
63942
48098
71838
62146
69267
63005
67948
47237
68991
67088
45451
66851
67278
65361
88488
86325
51103
69480
94357
46386
70937
88185
92465
65003
48797
64284
88375
50114
96894
68049
81436
69769
88603
52951
66291
65106
65181
69893
60321
51690
70740
59570
48078
72862
70945
69408
67627
71991
48155
67368
49743
68891
66128
48527
65368
70526
65579
48866
64806
63596
61602
69255
70359
65773
46398
47808
62381
68784
64648
66767
47546
62876
65795
63841
69820
62616
48861
78856
70481
51382
70429
50400
77828
62551
76342
62918
77397
79229
49350
78583
63983
76877
59621
48477
65822
63368
64510
64912
66546
64243
48655
63498
69591
63030
48101
65413
49546
66794
69571
49963
66288
66192
66257
45520
66668
61966
66618
64960
62759
62263
48774
66758
48515
67914
72779
66832
74039
48677
65651
63891
64069
47333
64353
64868
67302
68671
48502
65319
48627
65404
66463
65498
64084
63930
45437
67082
48755
59933
65890
63995
68130
47856
67343
65372
73397
47323
65061
50499
62663
65783
63827
64253
65181
60455
48104
64185
64499
48502
65594
47645
63579
64077
60591
63328
67705
66168
47904
64389
63109
47790
64348
60397
64781
47839
64423
65554
66920
64284
46640
69793
49916
66441
66596
63002
47970
67840
64800
64165
63740
49752
64311
48286
65448
61207
68381
63775
67271
65993
50375
61784
64740
62740
48334
65978
65356
46782
64489
64755
61608
67687
44403
46848
63038
63847
63061
48262
64396
65986
68044
64747
65770
45094
70493
64370
67081
46027
65269
50162
61545
66732
64661
61546
45955
67383
64284
65997
48975
60007
67135
62821
62117
65008
46899
66429
50006
65232
60012
63518
62118
50082
68747
66045
64715
62060
48403
65689
48241
60865
64236
50726
66879
61709
67350
67559
47495
66444
64235
45629
65379
68481
59254
67414
70614
50207
64528
54269
72703
74887
71202
60609
68333
62256
47684
66095
62760
63390
45580
49490
72971
64127
61362
64548
49457
64716
64661
61961
64892
47684
62620
67716
48348
65421
63039
66636
61938
46839
65657
65254
47134
65968
62001
69842
67203
61925
45330
64634
62820
65578
47257
65140
62005
48425
62599
64527
46351
67824
64718
68716
69499
63351
47792
65387
65195
65206
49103
48699
67444
62053
67819
65786
64162
68751
49332
48088
64499
66638
65994
66051
61467
49446
63590
66826
48243
64273
62843
62586
63892
48602
60807
62634
45747
64449
65116
66100
55052
64775
63126
65467
46976
60815
65124
67252
45124
64539
63842
66082
63800
62901
48436
62026
69405
49865
61397
68520
66967
48627
65017
46677
71154
64933
62798
61123
62399
47102
63552
50327
63134
64717
59237
61921
64376
62850
44863
61263
64982
45933
63977
64686
64478
48478
69057
62347
63429
51037
62964
47611
64020
63247
64268
62637
69853
49120
64054
68368
68524
64832
46424
65442
60972
53934
64006
65731
70001
65844
47000
64196
47753
70733
59727
68236
47677
67772
65681
60671
62356
52199
61948
67945
52056
64706
68755
64200
62956
49434
65654
50832
63303
67309
63453
61569
48969
62923
63469
44304
65157
66787
62894
64359
65382
66703
50622
61639
66803
65658
51369
64376
50832
63041
63430
63206
65121
62136
46938
63595
63725
45611
61742
49828
68133
65847
63057
65921
65936
63588
49138
