85877
85046
86379
84603
103966
103896
104225
103192
91548
91057
91673
91146
95435
93446
95593
94508
77979
80038
79418
79422
40952
39213
40011
39153
41194
46088
42250
41168
37164
37790
36843
39559
53853
52849
53930
55187
41321
40954
42333
41707
29083
27758
26853
28071
30334
29132
28846
29756
26979
25404
26895
25810
34126
33945
34051
34917
32950
33934
31093
33498
30260
28921
28646
29643
32630
43444
42983
43802
36117
36635
37103
35507
32428
34581
32052
33121
23893
24833
24915
25907
45590
39642
47296
40506
72364
73358
73281
72997
69542
71295
70558
69499
67066
66126
65990
67614
66891
67544
65916
66861
30956
29135
30027
30145
57997
57206
56488
56816
45166
45618
45810
49541
53534
51979
51968
52980
49480
49267
49286
50835
25748
26791
26689
27974
31390
29545
33086
33066
34087
37869
34158
38281
38105
38029
36961
37958
33921
36037
35216
35604
55758
51738
56804
52689
77862
77517
79944
77527
71910
59443
73229
73568
67937
50891
64906
67136
68303
68818
69302
68683
27897
29192
26817
27072
30256
31017
30280
29522
34560
37443
37100
34670
27964
28331
29527
27303
33007
33363
32151
32450
28393
28657
27559
27524
29500
28861
28133
28426
34432
35208
34921
35289
26575
24914
24831
26439
30386
30101
30149
29655
26079
26233
26836
25868
28809
28046
29740
27813
33337
31408
32390
33327
25540
23765
25619
23760
27992
27499
27302
28556
23372
23189
22904
23818
26900
25892
27709
26042
26264
25288
26769
26818
23875
25206
25732
25014
25751
27083
26097
27088
28431
30093
29615
28785
30946
29038
29754
30690
26652
27744
28102
29106
36375
35067
35476
34358
26476
25601
27498
27438
25895
25769
24722
24754
25469
26400
25574
26453
28355
28591
28417
29415
27639
28015
28944
28794
26738
27130
26931
27863
36867
37804
35279
35755
32105
27205
26332
28463
26627
27581
27004
28435
28068
26914
27020
28280
31992
32883
31691
31219
31336
30958
31593
31801
22909
22246
24455
24755
27099
24920
25493
23922
24970
26032
26768
25101
25565
23984
26311
24739
26305
26755
25408
27644
34488
35568
35296
33997
35610
29379
33293
31610
33506
33401
33316
32582
31074
30063
31189
29794
30562
29431
29985
32460
31696
30966
30839
31830
29553
30632
30556
29638
32206
32434
33955
34358
28055
29296
30691
29201
30494
30801
31497
31156
33314
35019
32694
34339
30487
29666
29464
29934
31361
29807
29468
30627
31267
30879
29324
31907
26930
27816
26753
27382
32622
31676
31482
32899
26096
25220
26554
27070
26726
28374
26132
26021
27271
25847
26192
25786
24604
25845
25747
24578
31473
32265
32648
31540
29654
28446
30646
29625
31567
30787
30957
30227
26050
25592
26340
27659
25982
25761
26752
25351
28275
26067
27468
28578
30607
30245
30971
30157
29382
33157
32237
33423
40741
40643
36456
39904
35722
33944
32764
36150
26194
28954
29947
28387
27879
26752
27494
27996
27108
26564
27109
26503
27417
28990
28425
27269
30897
30474
29274
29467
25331
23325
24063
25026
27284
27684
26731
27355
30377
30553
29857
29367
27708
29407
28589
29336
30604
26817
31360
28167
27779
28594
28684
29045
32503
30898
33604
32781
26676
25562
27993
27202
30425
31381
31725
31076
28502
27491
27500
28760
28009
28965
28216
26980
27083
26367
25686
27672
33494
33593
34755
34677
27845
26898
25417
27958
26253
27752
27500
26793
29140
29836
29394
28237
30226
31856
31879
30820
29280
29187
29112
28038
29972
30386
29795
29306
30192
26102
30392
31076
28372
28740
28491
27907
31340
32028
31174
30348
33251
32711
32039
32490
26846
27857
25995
26207
27786
25359
26761
27308
25198
27299
25849
26193
31686
28709
30299
30695
27286
27944
27684
28666
24420
26141
24456
25508
26898
24957
25007
25521
29022
28961
30008
29983
34078
32394
33589
33604
31759
32802
31820
30929
30091
29266
29650
29172
29318
29755
30270
29275
33356
34366
34243
35744
30773
28402
30566
29707
27689
28191
28522
27341
34582
33213
33797
34708
28911
27786
28606
27107
37706
38588
37120
38042
26856
27980
27448
28279
31337
30240
29348
28749
27470
26948
26964
27481
27382
26104
27633
26159
28655
26849
27623
28371
25796
25098
26632
25784
25371
25357
26414
26063
24587
25941
24336
26677
26951
28432
27327
26935
27876
26974
28122
26870
36585
37726
37545
36427
29499
30741
28468
29301
27476
25999
27951
26986
30172
30300
28807
29045
28084
29259
29235
28232
29992
31464
30812
30807
27304
26750
26360
26666
29587
27617
28522
26987
29171
30225
28607
29836
28804
28157
27747
28735
27632
25676
26304
26390
34485
34802
35098
34948
32981
32231
33862
32547
23085
23363
23512
24544
28477
28390
29899
27189
26592
25589
27364
27131
41496
41233
42081
42392
36829
36731
35821
35138
32211
33413
32329
31216
30506
32185
31420
31029
28381
28137
27608
27553
37497
36769
37820
37538
35182
31360
34191
33939
31878
32766
31728
28468
33510
32629
33321
32972
26143
26454
27283
27516
32193
32005
32651
31669
39181
35681
36217
34579
32509
34019
32514
34994
27613
27492
28481
27615
32497
31589
32825
31776
29545
29320
29997
30989
29179
30059
30693
29749
33096
34726
33450
34815
35714
34450
35539
36154
21127
22010
22192
20805
28595
29594
30037
31276
25665
25893
26522
26666
26192
26089
26530
25639
29687
28765
29715
29002
27369
26305
28766
28036
28743
27951
27602
28262
31857
32372
32499
31376
28042
28065
26565
25517
30116
28277
28431
29579
24730
24756
25803
25720
28890
30857
28329
29818
31028
28918
30314
30023
28797
28324
27861
28542
26542
25741
26704
27306
26099
25590
24953
26062
31946
32214
33180
33356
26741
23740
26688
26092
42108
41599
43379
41127
23503
24543
24310
23104
25376
25236
26854
26268
25636
25806
26954
25926
27425
31407
28889
29515
25230
25457
26557
29803
31296
31814
32000
32919
26355
25186
27020
26860
36074
34486
35865
35241
25461
26062
26297
27195
26904
25245
25642
28193
21919
23847
23984
22920
30907
31201
32363
32002
29480
30255
28279
29111
28026
27752
28921
27929
31195
33016
32300
31389
25922
26830
27975
26675
30246
29903
28882
30900
27623
28509
29660
27602
25910
27999
27063
27170
28003
28933
27888
29106
29190
30087
29069
28197
29989
28479
28997
29558
30904
33138
32383
31897
28860
30883
27538
29586
22335
22743
22757
23968
29658
30610
29867
30363
30710
31016
30042
31158
33940
34705
35476
33134
26795
26834
27635
27659
28617
28423
29534
29446
27909
29000
27422
28943
28335
28769
27562
27117
29968
28641
28549
29714
29953
28712
28897
27908
26235
28136
28094
26836
27207
27922
27263
25352
31579
29788
30921
31186
27096
26847
26299
25988
26969
27377
28626
28582
28031
28386
26252
27576
26428
27028
26001
27563
27964
31276
30283
30369
27097
27481
26407
27859
30773
29328
30361
29295
30804
31471
29806
30567
22106
22015
23102
23484
31964
32184
30927
33212
29571
29883
28818
28781
27298
25509
26501
27298
28852
30480
29438
31022
29342
29558
30529
30678
31707
32293
31925
32866
28692
28464
29402
29693
27346
28153
27409
27967
29703
28616
29610
30438
33596
33777
34934
34058
31443
32948
30361
32803
23804
22065
23423
23093
29253
28261
27461
30207
35066
35452
35996
34397
29786
28088
29599
29340
33966
33774
35404
34517
27853
26696
28225
27402
29231
29477
29241
29342
29314
28945
27742
29597
29625
28861
29503
28325
31064
31079
30053
30239
34012
34081
33373
34215
27427
28841
29389
31485
27670
29272
27761
28326
25822
26824
27749
26923
32319
32640
31442
31373
25440
26433
25374
27278
33463
33463
33318
33176
32506
31725
32172
31850
33183
32390
31435
33202
26897
28431
27942
25879
33761
33713
30872
31982
32186
31375
32132
32347
29916
29485
30352
30659
36978
37922
33995
36512
39308
37760
43067
40577
26942
24457
25864
26086
25869
23660
24412
21083
28696
29966
29802
29029
27168
25690
27117
25478
35255
31840
34255
33177
36268
36630
36168
37856
38135
37790
41005
36911
34574
36022
35014
33439
41729
40321
40712
39193
48381
50192
51351
51144
44928
48835
45272
49934
54300
54254
54166
54937
37150
36885
37216
35656
32517
30495
32485
31485
24117
24329
23334
22549
32766
33463
32254
34508
32584
32038
32001
32340
35272
35303
37181
33868
33225
32665
32311
31459
31359
31761
32200
30522
28317
29968
29423
30101
31737
31167
30643
30048
31491
30441
31006
31999
31706
32947
32838
32193
30858
30707
30418
29525
30557
32076
31671
30489
25142
25108
25532
25696
26114
27432
26998
27670
29330
27853
29045
30477
21837
21699
20518
21115
36460
32538
33847
34167
32819
34170
33965
32687
37615
36026
37810
36503
25126
25423
25908
26645
26727
28845
27685
26253
27048
26870
28606
28205
30243
31385
31318
30735
30224
31475
31185
30734
32645
32746
33617
32729
30418
32145
30673
29464
27818
27814
28431
28696
26740
27427
28304
27259
29074
27314
27781
28547
31211
31532
31988
32258
28522
27668
26538
28061
32937
31965
31199
32158
30265
31020
31910
31153
29509
30609
29843
28733
33727
31809
32730
31117
28938
28986
28803
29687
27019
26294
26933
27204
29001
29991
29531
28481
35584
36823
36482
37818
31121
31754
32114
30396
35157
36622
36050
37083
32781
34271
33772
33246
29587
30693
29720
30541
26427
27635
26675
26958
30555
31584
32411
30431
28181
27469
28391
27529
28815
29388
29468
28883
33907
33652
32446
33315
26465
27422
26068
27531
26663
27026
26437
27843
38066
37531
35897
36214
40739
43280
41385
41710
46970
43762
44109
43226
43642
38613
35462
38313
34754
32563
34213
27220
32548
34167
34276
31609
33557
33965
39134
39427
31362
31086
30750
32876
27202
28193
27066
25749
30957
29673
31974
31397
29199
30839
30518
29836
26530
26985
25974
26187
29977
29352
29113
28428
27401
28113
27905
27634
22462
22525
23461
23198
24567
26040
24743
26320
27458
27400
27668
26920
22255
22608
23120
22040
30342
28991
31034
29900
27015
28133
27047
28357
24125
26145
23699
23607
35451
36327
36727
37346
32918
32222
32902
32291
28964
30613
31502
30171
24434
25497
25237
24333
27533
28980
27745
27243
29305
27600
28718
28206
33657
32732
34742
34050
29021
28697
30664
29418
22530
24695
24454
23191
28281
28509
26588
28139
27439
28745
28791
28205
26977
25218
26667
27176
36453
36175
37212
35583
29142
27894
27312
28535
33441
32418
33342
33950
22992
23226
23984
24740
24468
25453
24884
26621
34956
34584
33265
34554
29327
31335
27389
30243
32137
32135
33128
33383
36697
33887
36360
34235
32129
35968
35110
35769
38924
39563
38093
35913
36375
36457
37029
37747
30307
30898
31610
30651
21816
20115
20638
21608
23802
24697
24971
23721
28286
25254
27761
26120
26293
25704
26296
25018
28012
28715
27208
28058
30728
29703
30433
32706
29701
29933
31892
28847
23836
24758
24391
26609
28480
27708
25521
27252
29413
29847
30028
30318
41859
39618
42843
38586
44669
47794
43039
48828
45133
46019
43818
45254
41074
38336
41441
38280
49160
50679
48827
48795
31389
29775
32444
31578
31156
32539
31659
30600
38872
32512
31349
38927
30179
29795
27774
30203
28752
30387
30734
29711
36551
41720
39021
37774
40490
38638
37165
38924
46428
48645
49104
49107
32680
34560
34725
34073
32853
32795
32140
31399
30294
29501
31827
31016
38428
38911
37661
38676
28038
29291
28700
28424
28744
28365
29427
29911
26809
26876
26317
27584
27787
29837
28885
28843
29288
28964
29385
30227
24764
23406
23689
24123
25141
23757
25638
25932
25495
25705
25445
25363
26090
26952
27418
24338
29944
31514
30340
31234
32056
31712
31494
32149
30306
31074
31372
31106
31218
29374
30227
30699
26764
25905
27701
24912
32124
32332
31185
31256
29249
30557
30235
32119
28545
27721
27076
27979
29005
27964
29319
29029
30443
29902
29848
30842
26554
28315
28247
26364
28110
29555
28919
27952
25540
24841
24094
24586
27431
29049
27403
28700
23773
25263
25925
27993
24893
27460
25813
27120
27459
25346
25701
26351
26634
26985
27205
28274
29186
28138
27856
28782
24789
24148
24713
24074
25744
27235
27358
27702
29258
27578
28960
28024
28732
27955
28473
29682
26544
27800
27419
27121
32391
31793
31499
32996
31425
30630
30021
30607
26590
26141
26723
27657
28807
27898
28142
29132
25756
26888
26414
26782
34226
34723
35719
35451
34026
34934
35772
34367
38343
37434
39768
38873
33370
35059
35113
33574
34493
35493
35118
33265
25477
26604
26643
26223
25175
24619
25536
26059
30205
30845
30357
29390
32181
31408
30813
30884
20363
20116
18220
19580
30756
30409
26808
31198
26032
26737
27703
27439
32842
34627
32632
33491
36273
33811
36543
35054
33986
34138
33827
32541
24582
24108
23256
23399
22570
22610
23310
23498
35760
34762
31843
35393
44374
42624
40962
41628
36669
33401
33608
32897
26969
27476
26505
26136
39257
39238
38239
36978
45767
45779
45162
44890
37386
32163
38017
36467
48842
49343
49827
51043
32093
32851
31767
30992
35312
34219
34124
32602
28612
28967
28932
29927
30746
31312
30606
29809
34065
35360
35243
33740
27975
30698
29901
32447
28415
27375
27245
28267
36698
37885
35422
36730
36812
35809
36560
36956
32305
30331
31425
32067
29914
30980
29804
30989
29021
28727
27933
28516
27478
25701
25276
26262
35481
34399
35409
36334
31474
35285
28180
34336
31807
31704
32458
30709
32388
29781
31849
31174
25872
25954
26246
27126
26714
25944
25394
24959
32530
34451
31342
31821
29901
30935
31935
30744
31366
31987
33516
32788
26312
24994
26435
25241
27313
29495
29779
28457
28382
26286
26024
27011
30039
29881
29031
29038
32536
32018
32253
32688
28617
27963
29988
29073
29204
29805
29419
29590
24526
24646
25313
25801
29688
30358
30469
29035
31266
31511
32696
32235
24540
25375
25313
25578
25887
25952
25038
25894
25737
24816
25385
26655
25084
27320
25537
26467
25776
26706
25559
24777
28075
26602
28261
27975
26501
25694
27034
25766
28594
29589
29293
28043
27314
29288
28043
27325
27129
26476
27554
26001
37446
35719
36259
36517
23654
24581
22769
24481
27809
28246
28511
26941
24246
23372
24002
23417
33996
33067
34062
33262
27139
28591
26575
27987
29228
31267
29869
30016
29736
29444
28446
27891
23244
25837
22862
24081
30589
30728
29527
29028
30430
32048
30458
31318
25896
27881
28127
28021
25174
26165
25497
23559
31970
27907
30346
26345
25254
25573
25589
25216
28179
25892
25869
27230
26294
25300
26276
26055
29593
30019
30319
30950
20775
21248
21237
22461
29176
29403
30158
30336
24257
22897
24998
25477
22113
23300
24515
23228
31133
32159
31246
32632
31025
32712
31266
30954
34476
33513
32921
32921
25893
25485
26382
25391
32337
32726
31695
31949
30233
29710
31287
29490
34727
34785
33781
35728
35679
35898
35016
37378
28168
28957
28632
29205
26378
26633
25635
25453
29022
29048
30621
29816
25625
24535
26091
24547
29580
28319
28233
28875
28649
28440
27870
27718
25239
25311
24739
24312
30692
33180
32375
32112
25717
26642
25349
26711
38854
38574
37220
34911
35729
34140
31391
34157
38473
38351
37257
38698
29852
28473
28559
28967
51905
51141
49482
50951
34143
34338
35294
33736
48259
46243
47546
47107
39488
39791
41796
40491
26633
26664
30067
28595
35987
37974
35244
37387
52168
52197
56098
51625
48434
44276
47959
49549
44045
45575
39258
45024
21525
23069
22048
22756
33490
34080
32843
32675
31235
30829
31059
29572
30960
29854
31015
31203
23619
24890
25519
23616
31349
32049
32570
31307
40047
41766
38995
40601
34912
40321
37357
38509
36033
36321
37341
36498
31176
31248
29451
31122
27279
28585
27349
28490
35971
36675
38627
37733
26402
26798
26996
28070
33510
32994
33015
33576
32836
32978
31242
32158
31439
33159
31934
32919
27863
28141
24667
26903
29960
29584
30678
29352
28756
28869
28296
27681
25782
25844
26371
26130
27105
27430
28729
28192
32599
33523
33172
34565
22469
22738
24643
23863
28991
29292
29213
27944
33433
32617
33098
32203
26360
25798
25361
26508
23622
25909
24564
24326
29521
30966
31841
30439
26984
27460
28393
28055
27853
26604
26594
26945
28367
26452
26740
28086
29486
28397
29335
29163
26974
26085
27572
27619
24842
27065
25032
27943
31026
30372
30086
29647
30319
29624
28992
28055
28422
26955
25056
27403
28411
32521
28348
32719
43952
43961
44159
43163
46959
44863
45946
45346
43935
42674
41442
41355
33013
35266
33997
33964
29812
32533
30746
31998
30034
32499
30205
29759
29578
29165
29523
28421
29306
27332
28026
28522
27365
28012
27054
26537
30003
29730
29130
28753
36630
37275
37754
36677
32260
30757
29828
31151
22519
22816
24151
23533
31572
30371
29779
29987
28634
28779
27267
27133
36122
34240
35149
34141
43797
45909
43792
44911
32281
31219
30360
32992
32681
31535
34176
32071
27790
27367
28004
27736
29239
30235
32776
25723
28306
27361
27694
31167
27054
28243
27435
27645
29659
30802
29939
30650
27613
27632
26610
26640
26112
25054
26110
25464
28893
29678
30221
29912
28575
29126
28124
29511
25257
26686
26253
25099
26153
26797
26948
27436
30335
29374
30293
31037
31857
32831
33266
33461
27944
25574
26769
27823
28082
29984
29072
28924
32517
30873
31120
31871
26813
27687
26361
27316
31812
31680
32859
33015
24763
24168
25701
24638
24179
23944
24421
24948
36249
32486
35253
35436
30595
30001
29118
30002
31702
30888
30561
30997
32964
31190
30621
31507
33848
33667
33204
34400
26225
26066
25243
27431
21018
22230
22845
23737
24068
22963
23070
25271
28500
28477
29330
27165
27338
26353
26548
26623
27627
26626
26678
27801
29861
28952
28492
30819
24417
24617
25416
25416
29376
27757
29236
27956
30306
30220
28658
29353
30541
30935
31532
31579
27336
29408
27697
28255
27042
25489
26038
26956
29335
28637
28335
29910
29437
29242
30349
29033
29037
27790
28783
27905
34501
35412
33678
34505
32198
30647
31962
32598
25901
26337
26310
25901
31630
30446
30312
31982
26121
26561
27474
27372
22223
23742
23076
23744
28717
28151
29827
28952
27555
28314
28554
27087
26147
26934
24749
26058
28978
28301
27603
27065
28211
29702
29283
28922
29629
29396
30723
30305
26521
25421
26511
26952
32779
31163
31624
30614
31750
31194
30353
31214
27797
27033
28308
28357
30870
29777
28066
30426
30241
29119
30408
29296
34073
33663
33231
33034
34189
35590
38005
36264
42113
41722
41624
41317
25734
28408
25879
24961
29988
29718
31639
28723
28448
27443
28663
27118
27017
26135
26164
25616
35154
36229
34339
34714
33253
34478
33366
32057
34005
34066
33890
33200
28917
29528
28838
29976
41614
42850
41883
41885
37989
37908
38576
36889
40186
36405
38925
39592
26194
28391
27863
27126
24029
23329
23709
25705
40712
40777
36714
38505
44632
44063
45741
45144
33646
37536
34995
35435
26138
27295
26002
24796
33417
34242
34806
33364
44708
44283
45477
42486
47501
46717
48335
47474
46774
46795
47722
47822
39417
39867
38322
39220
22745
23625
22198
23819
35375
35842
34081
37179
31820
30726
31138
30338
47260
47492
45351
45875
42086
43580
43259
42488
28670
29385
28852
27350
25561
22732
25695
27033
29069
29051
28540
27545
23193
25079
23024
24713
31085
29548
29733
27902
28497
26604
29520
27163
27874
28148
27222
26631
26093
26397
26594
25640
28079
29790
31049
29341
31737
32665
30423
30344
26972
27963
26616
25591
25767
24340
25300
25156
32143
32054
32080
30869
30765
28301
29563
32292
32660
32256
33099
31901
20610
20555
18772
20504
27222
27491
26254
28417
26175
28048
27371
25941
30229
29212
29333
31451
32499
32697
32225
31811
37900
36593
37659
37486
28342
27343
27815
28938
28898
28452
27789
27647
31224
31322
32294
29781
27228
27905
27911
27345
29423
28429
29448
28584
34975
33421
36814
34582
35849
33300
34652
34631
31406
30764
30810
32404
36089
34435
35368
33694
31288
31608
32755
32142
31713
32325
31397
32480
35772
36854
35957
37189
31669
31721
29882
31634
26060
24339
24459
25402
27903
29821
29131
28846
33143
33448
32497
32088
31136
31338
31058
30590
33166
33117
33285
33084
28762
28768
27436
31507
39089
38827
38511
38331
29087
29196
30086
28204
35364
36215
36397
35696
27500
28349
28272
28005
33572
32477
31796
34379
37442
36864
40208
35572
65903
67307
69204
70515
74238
74688
75229
74584
73077
71841
71956
70208
47109
45625
45459
46550
26990
25891
24773
24042
29798
29108
29734
30542
28596
30285
30300
28981
32538
31095
29350
30549
25555
25456
23482
24471
27505
28033
26743
26821
58266
59222
60000
59205
64515
55615
65778
66756
60184
62104
61464
62330
60051
58537
61212
59243
27833
27943
29045
28861
45411
44142
43110
43401
39422
42412
38648
38139
48776
48151
50089
49134
43841
46771
45269
44475
34018
34258
34299
35866
24269
24073
26519
25047
25765
20424
21765
25428
26358
25364
26383
24756
25143
26974
26090
25716
23990
23675
25087
25898
31302
32546
32848
31740
26153
26043
25223
27272
22535
23324
24198
23387
23568
22695
24311
22235
32729
31612
31735
32611
29953
30240
30834
31902
27972
29806
28502
29094
27008
26705
27954
28304
28643
27628
29170
29030
38057
38074
39893
39122
36090
36777
36111
37065
31570
32077
31337
30339
23396
23218
24149
22666
29308
31186
30469
31300
31397
31281
31858
31284
25404
26685
25441
26310
26643
25370
24465
26297
26879
26938
27876
27479
28233
30908
30089
30790
29007
29525
28488
29985
36304
37237
37156
37133
33416
34053
33788
35363
26046
27886
27531
26281
29736
27337
28975
28309
27693
27105
29084
26671
33844
32397
33941
35627
29855
32925
30565
31305
30202
30951
31207
29850
28174
29575
28092
29159
26727
26838
27142
27736
29748
28629
28510
29814
26867
28207
27874
26910
33392
34200
34689
35199
29994
29458
29243
29033
29620
30867
28322
29033
27882
30106
29292
31486
28143
28395
26551
26035
33475
34272
32441
33133
24643
25712
24827
25622
28187
27505
28187
26384
30098
31171
29764
28362
29011
28916
28913
28463
34366
34782
32602
33273
27483
26621
27448
26490
22184
22706
23181
23345
30049
31908
31592
30903
30451
29062
29835
27517
25934
25158
25289
24162
27286
28500
26554
28151
27902
29026
28904
27677
25681
25672
25249
26036
31567
30354
30567
29738
26754
26320
25675
25399
28246
29309
28785
28624
30838
31396
31707
30314
35563
35820
35564
34262
24612
26088
24973
26821
25827
27114
25556
26690
29889
29592
29906
29283
31979
31140
32073
30675
29839
26610
28152
27783
32281
33063
32245
32288
30235
28570
29356
30053
31126
30083
32247
31124
31457
32787
33722
32973
26314
26037
24821
26682
32013
30274
31495
31684
29415
32794
32237
33034
25515
25769
27141
24502
35631
36026
34505
34521
30603
32655
30424
31678
25714
27059
24712
26015
29054
29158
29894
28548
31821
32462
33081
31852
30064
28617
30612
30328
29216
28550
27555
28149
25823
24640
25551
25435
23798
21232
21481
21959
28994
28716
28239
27527
24109
24887
24433
23320
29045
30121
30162
29147
30929
30622
31883
29138
27519
27418
28179
28200
28453
29202
29609
27631
26406
27337
26679
25931
34480
36068
35499
34288
28638
27690
28867
29695
27344
28340
27093
28102
32683
32283
31692
32144
25473
26460
25212
26209
28881
28120
29711
30419
28918
28769
27926
27939
36213
37690
37207
37683
34428
35188
34676
36778
31188
28603
27824
29881
29032
28313
28298
28296
28309
29667
29328
28333
31383
31634
33818
32888
39265
39337
37754
37517
36597
36615
36278
35064
41110
42608
42102
40086
31324
32054
31176
31831
28451
30499
30818
29287
23146
25334
25089
24135
30938
31935
31665
31457
25237
26299
26033
24820
25207
25913
24208
24913
29086
29734
28853
29269
40114
41324
38818
40330
37790
35139
35742
36143
33576
33765
32954
32890
29124
29666
29793
28719
24949
24547
25390
23854
21791
24666
24934
24676
31297
27037
29893
30636
29118
26994
27834
28285
28678
29338
27809
27683
25597
26446
25226
26224
31266
30532
32893
30929
27096
26689
25318
25559
26535
26425
26433
27497
27833
27291
28004
27185
28531
28476
27979
27125
37195
39084
38785
38895
29741
28740
28963
26213
30057
30921
29829
31540
26320
26108
27176
25928
26812
25817
25817
28028
23846
24794
23204
24214
33322
31848
32983
32034
20345
19194
20398
19940
28692
28559
28690
28558
29081
29858
29836
28557
29585
30547
28173
29539
28733
29345
28858
28353
28179
29666
28477
29726
29387
30565
29561
28548
23137
23671
24499
23007
30212
30360
29084
29278
28304
28400
28095
27317
29708
29542
28734
28907
25686
26828
26980
25455
30585
28851
29863
30647
25393
24619
24136
26672
28300
28500
27027
26966
32469
32101
33442
33302
26954
28979
27962
27809
25566
27285
26838
26106
27535
28533
27870
26772
24681
23731
23747
23953
25100
27087
25114
26033
32437
32016
30941
31042
27822
28965
27663
26669
36805
35639
36686
35666
33902
32124
33000
32911
31181
31610
32079
30512
41093
40279
42057
40851
31668
31022
31961
33024
26331
27194
27232
28120
26572
27418
26422
28093
31875
32495
32656
30963
33674
34326
33331
32816
28366
29097
27308
29202
27342
28661
27242
28534
25218
25741
25911
25045
25767
25639
25459
25591
27455
26815
28654
30186
25123
23951
25742
26040
32151
33148
30573
31781
31870
31671
32683
31007
31111
30699
30662
31753
37421
35639
34831
34706
25274
27702
26478
26054
33942
31974
31959
33805
27504
28434
27895
29268
24247
25484
24744
25764
31194
30896
30896
30000
24395
23240
22276
21846
31290
28563
28570
29913
27673
28859
28355
27197
24545
25638
24450
26510
29575
30192
30784
31133
28191
27812
25491
26506
26004
25563
27142
26175
31597
31493
32637
32054
27591
28495
29664
28879
24475
23374
24871
24001
29607
30183
31001
30200
31546
30431
29946
31306
25611
26409
25835
27356
29292
28092
27904
27645
32518
32154
31219
32585
27738
27190
27199
28024
26888
27526
25805
28520
28212
28449
27357
26770
26960
24917
26001
26170
26971
27608
28098
27616
27432
26109
27995
26862
24781
25447
23823
24726
31845
32199
31685
31587
27553
26793
25408
26604
21122
22301
21323
22368
29575
29714
30778
30744
24176
24685
25210
23488
25571
27032
26879
26160
25731
24419
25100
24435
28185
28478
27508
29384
30031
29268
27908
28841
22611
23443
22431
23576
29419
30321
28494
29326
32991
33162
31646
34166
30769
31791
30096
30700
27534
25957
27083
26565
33345
33361
34760
33884
25656
27560
24951
26235
27747
26538
28167
27598
31685
33227
32317
30917
26990
26512
25482
25677
30363
29698
30354
28558
27175
27348
28257
28408
33387
33811
32821
32397
29262
29841
27918
30280
30283
29153
29754
30529
29514
30548
28873
30377
31117
30124
31122
31169
37167
36300
37691
36668
28196
28504
27613
26876
33108
34104
31175
33200
21880
21012
20594
22439
31936
32686
31619
32734
29173
29990
30122
30295
34173
33865
32653
34999
25788
24484
23176
25099
24410
24566
25053
28141
33319
36244
32323
36386
33576
35350
36402
34720
52402
52153
53106
53190
48683
49592
50871
48144
43715
45018
42038
44464
32357
31157
31254
32155
30228
30808
29277
29819
32763
33920
33783
33525
31724
32506
30470
31465
33468
31799
30851
32299
24158
27571
23815
25826
33219
33427
34330
34544
30352
30252
30818
31541
30357
32988
29525
29853
29166
30171
31245
30855
37714
39244
38655
37616
29179
28320
29377
27966
32482
32233
33161
33113
30193
30090
29188
29118
27340
26558
26403
27096
30199
28264
29143
28582
30891
30019
30335
29398
29580
29589
29201
29899
26122
26713
27058
26721
31852
31013
30501
31898
26659
27739
26139
25857
25260
28248
26687
29409
25905
28207
30858
29753
30630
28877
27944
31848
30500
31386
31544
30587
35435
33136
34138
33328
27984
28804
28480
27847
28995
29504
28032
28979
30245
27523
30513
25592
25164
26108
26270
24530
34413
34423
33475
33467
34069
35200
36872
35777
29054
30831
30245
29907
19942
20441
21499
21611
22603
21466
21842
23122
32527
32902
29582
32589
29812
28793
28228
28068
32068
29032
30126
30995
31565
32555
32092
32151
30182
27912
30223
28320
26044
28351
28260
29958
33382
33097
34349
32392
36812
34633
34313
34322
35661
36961
35987
35347
30828
29967
30559
28701
32707
33518
33120
32359
28907
30523
29296
29190
29904
30814
29684
31127
25656
26030
26970
24926
24385
24743
25376
26325
28051
28386
27307
27327
30887
31372
31316
32666
31061
31341
30279
29985
26054
26851
29219
25133
22890
25124
23992
25499
26800
25576
25635
26956
28715
27583
27976
26993
24658
23523
22869
21326
30496
30694
28133
29829
23531
23570
22372
21845
28265
26444
27486
27416
29967
30185
30064
28873
26839
24621
25442
24614
29510
31324
31138
30460
33503
32034
32728
33628
27918
25914
26710
24818
26336
25579
27192
25847
33916
33977
32820
33074
30091
30704
29613
29155
27962
26032
27518
25931
25240
23895
23457
25174
22194
22483
21953
23764
30716
31710
32055
30899
28689
30258
29114
31542
29455
30228
30795
31099
28685
29776
28682
29841
26929
27233
28362
28809
28455
27432
28547
28960
27974
27472
27367
28528
26380
27143
26403
25183
35586
34484
35366
35225
33066
32501
32950
33912
26021
25444
24255
25441
34051
33369
34292
33242
30247
28704
30098
29913
31767
33009
31499
32561
26182
26282
25641
25787
30162
29760
29978
28437
29550
30108
30256
29482
22894
21653
23868
22872
29847
29312
31678
30614
37184
37373
36735
36184
33622
29061
32401
33937
26351
26201
27967
28035
29667
29186
30509
29627
34730
34062
33732
32510
29599
29263
29779
30151
31084
31130
28941
30687
28052
28651
29473
29653
30274
29560
29465
29106
34992
34755
33999
33223
30095
29474
29179
29724
28366
26837
26782
27360
31733
30621
32383
31159
28317
29177
27130
29177
33078
33979
32352
33596
23317
25531
26134
25982
30222
30044
31215
30960
36135
35692
35169
34585
26145
28304
26789
27787
28610
29447
28387
28193
25005
26084
23465
24620
31933
31675
31672
32930
30146
27721
28820
25190
26758
25437
27862
26817
26787
26438
26843
26853
29645
28604
30052
29715
29002
29322
28014
28397
25490
25989
26150
27337
27457
25917
27432
26521
31186
31111
32232
30441
35386
34253
34013
35112
27375
29189
28368
28561
26579
26299
27779
26473
26619
28496
26580
28044
27891
26936
25033
26079
27967
27715
25146
27756
30375
31435
30437
31652
37359
35629
37360
38176
35102
34812
36049
31832
25711
26419
26757
26086
29242
28176
27566
28248
28992
28148
26600
27842
26602
27193
25908
27225
25084
25573
26104
24756
32132
30831
31319
30010
29096
30274
30663
31479
28656
30597
29096
29079
28806
32015
29410
30234
25195
26685
26510
27386
25066
24301
24401
25340
34944
37702
36764
35946
33038
31876
33358
31441
35362
32492
34191
34038
30330
30574
30270
29704
21094
21276
20039
20025
28905
30052
29058
30654
34460
32881
34771
33727
26202
27516
26174
26632
24874
26319
26700
26300
33692
32656
34821
33769
27682
27682
28277
28339
31594
31582
31982
32602
32825
33758
31536
32303
26846
27736
29874
27922
21436
22429
20844
22491
23419
24226
24012
22643
41239
39115
37895
38776
39963
38959
38056
37442
35750
36489
35913
36811
24094
23685
24953
24939
27956
27978
29532
28577
30834
30836
31923
30959
28265
27342
26856
28360
26330
26516
25200
26209
31908
30910
32013
30162
27671
28557
29401
28530
30530
31776
31048
30211
30884
29865
31053
30646
23898
24310
23313
25144
25174
26971
26001
25669
29362
28809
30119
28675
36678
34159
38164
37683
35741
36952
34036
35433
26401
26422
27122
27852
26248
24568
25558
24556
53682
53286
52365
49502
48038
43201
50456
47368
43369
45357
44605
45598
35730
34564
35555
34559
27628
26758
27609
27629
42202
42456
43055
42044
47149
44864
46763
41907
48488
46780
48101
47324
45423
49181
44718
46198
26757
24137
25635
24754
32928
41155
42134
41202
39474
38538
38617
39839
33135
33058
33133
32306
19599
19967
19985
19509
24064
24278
23018
25436
37238
36354
36721
37205
44044
45685
44886
44931
35949
35590
35601
37389
25718
25948
25963
24096
28539
28485
29097
29785
42987
42213
45047
42721
39506
41007
40772
40613
45108
45383
44865
46122
34050
33657
35101
34180
32553
33550
33489
34186
24267
24867
23869
23268
23577
22577
24723
24668
25394
26604
28348
28450
25533
28750
26698
26837
26804
29829
29366
28357
26988
26905
28157
26204
36674
38585
37302
37621
38955
38020
37481
37851
37497
36137
38186
37302
32113
31992
32916
31952
23515
23759
24194
24790
32648
41755
29134
31654
35732
46259
36870
45385
30319
31159
30978
30983
25122
26046
26772
26830
27684
29262
28216
28722
33330
32880
31932
32008
30474
31460
30346
29358
27507
27648
27350
28868
26581
26149
26391
28320
29055
28091
30293
28222
29438
28566
29673
30632
25141
23755
24161
24800
33070
32803
33976
33802
25595
24331
25111
25191
22698
23985
22013
21872
33080
34877
32220
33740
34076
32757
28706
33344
33986
34269
34304
33682
24557
26073
25232
25290
28767
28048
28079
26764
29372
29438
29774
29178
27919
32082
30285
31760
26984
27098
28529
27576
27976
29810
28556
29011
28726
29637
28585
29503
23147
27231
27453
27494
23861
24863
23738
22729
30049
31105
29845
29638
22399
24396
25393
24204
19699
19697
19792
20311
29427
28985
29102
30107
26784
26129
26481
27061
27015
25238
27055
26004
30699
29999
31953
31550
23916
24699
23736
24553
33392
32108
33197
31684
33699
34783
33464
33629
31963
31467
34586
29047
26195
25857
27230
27044
28661
28314
29651
29569
30899
32221
32195
30861
24651
25544
23845
23667
25008
25096
25909
25763
34446
33183
32850
33584
28825
27927
29025
26809
27434
28173
26897
26015
30888
31632
32769
31141
22504
22722
23491
22492
24862
23684
26150
24320
23789
23044
23150
24308
30859
32244
31564
31203
33125
29599
33085
32673
25304
26788
24938
26035
25918
27986
26831
27049
27048
29708
27956
28696
28304
29916
26867
28206
27278
26657
28399
26653
29837
29763
29996
29303
25789
26524
26384
24717
24794
27789
23426
23741
33478
32552
34796
32594
28737
30544
27852
28159
28889
28868
27567
28891
28489
27525
27365
27214
29863
30828
29860
31159
35668
34492
35911
34888
29112
28758
27153
26769
24929
23883
23722
25360
22785
22793
23847
23880
31073
32439
31482
30820
28725
27122
27340
28764
29432
30551
30761
31948
32149
33731
34253
31475
30123
30072
30344
29356
22843
23940
24288
22838
30897
29959
27164
28412
28339
27120
27249
25583
31848
32358
33810
32629
31379
31471
33092
31125
23098
22795
24571
23738
27014
27225
24157
26259
26799
25776
25752
26597
25367
22140
23878
23516
28268
28532
29560
29516
26440
26499
25454
25117
33079
31452
32217
31983
35027
31916
33703
33465
36554
37757
37646
37591
30023
36230
34688
35047
20840
19855
20186
20154
28401
30087
27504
27948
27039
27803
28533
27805
36226
37304
36815
37773
29628
28745
29005
25663
25537
24958
24714
23865
31626
30862
32678
31985
29533
32330
30422
30078
30852
30340
30368
29345
31671
31432
29967
30882
30666
31711
32574
31036
25751
26811
24656
25791
26724
26263
25980
25200
32936
31939
32046
32801
28703
28720
27448
28384
26760
28005
27294
28405
25051
25892
26385
24727
24890
25081
26488
25854
28536
27780
28496
27868
30137
28801
29531
30147
36311
35286
37702
36222
28110
25682
29805
28786
33285
35975
33748
34131
25937
25920
27022
27165
29921
32122
32383
31576
26575
27568
26503
25363
35089
35210
34479
34226
29849
30624
29854
30081
34689
34547
34871
35784
28559
27331
28541
28179
30917
30035
35525
31061
42264
42687
44494
43277
41618
40554
40352
41906
29824
30072
29936
29842
23278
25233
25374
24402
26904
26789
29251
27682
40023
38169
37042
38955
34217
30144
33626
33112
38886
37225
37743
36345
32239
31814
33377
34206
29967
26969
28207
28968
40534
40310
37953
41539
41116
39554
41685
39352
39717
39198
38369
38720
23044
24271
25085
25632
39173
39449
38943
40022
53582
52728
51691
51913
51485
48306
54717
49791
45628
36421
44912
35716
36190
36227
38218
36712
48508
50772
49354
51293
70022
71013
71835
70500
70761
70130
70672
71195
62273
64210
52874
62539
62643
63237
63695
61985
25782
25652
26568
27750
27638
26086
26773
27196
29095
29918
29889
30741
25611
25534
25058
25522
23350
25337
24400
22014
35109
34637
35844
36240
37572
37885
35914
36808
34128
34075
32466
32746
23858
24848
23262
25254
35248
35220
34428
35495
21841
20899
21897
20572
31779
31735
30401
31919
31748
33014
32875
31133
24118
23185
23848
23060
28509
26857
28205
26996
31081
30079
29672
30664
26396
25089
24097
25804
28463
29829
28128
28216
34535
33293
34368
33130
30238
30049
29394
29482
22602
21392
22145
21686
30168
29491
29203
30172
29297
27691
28687
28113
24330
25096
25688
23833
27048
28251
28395
27135
25947
26822
25327
25440
31044
30650
32214
29192
26144
27196
27035
26036
27835
28191
26184
27676
26634
25728
27650
27493
28739
29558
26975
28294
25359
25295
27614
26527
27410
27242
28128
26282
28522
30451
30534
31527
32123
32640
31621
31125
25756
26263
25105
26333
27020
29506
27167
28096
26494
27539
26110
27274
29303
28411
29321
27317
26251
27191
25838
27034
30476
29079
30142
29055
32095
32683
32155
33289
26295
25771
25287
28116
27808
28517
28501
28736
35700
34989
35679
36700
25663
24850
25771
24089
19704
18725
18649
18702
28807
30814
30948
27678
28136
25914
27000
28515
40833
40142
36007
40651
42928
44073
45901
44895
34669
34679
35675
31214
32822
33553
32997
33286
27576
25798
26863
25975
30897
32091
32626
29902
34373
34155
31730
33708
34518
32865
33648
34420
31936
32795
32540
33070
31423
32238
33080
31131
47757
49043
48812
47194
59145
60122
60139
58538
57104
60046
61164
59080
60659
60286
62491
60328
33570
33876
33798
32767
29301
28547
28038
27137
27770
27170
28287
28986
32535
36413
34732
36856
36342
36321
36543
35264
28207
29737
29278
29666
38770
37670
38350
37688
33092
34037
33967
32941
23516
27858
28075
26772
29829
31058
29893
31337
31021
30345
28280
30010
31297
32536
33570
30193
37123
38449
36209
38476
39217
38309
38951
38513
40648
39491
40295
37347
28958
29668
29104
28334
27044
26065
26199
26727
26303
26060
26987
27360
31693
30937
29208
30232
28859
28890
29681
28245
29022
28136
28023
29293
31269
29120
31393
32040
25473
26135
25658
26655
31892
32465
32481
32474
32090
33620
33443
33913
26864
25619
27203
26018
29511
30278
29418
30501
26267
27139
27788
25394
28978
30225
30013
30074
27481
26235
28352
27047
28340
28324
29595
29450
32983
34261
34560
34959
23139
23936
23184
23048
27066
26814
25927
27021
28355
27757
28235
28039
27502
28558
28491
27094
27382
26028
28020
27220
26479
27514
27586
26447
26388
24958
27148
25968
29942
29490
29030
28945
27765
27083
26782
27096
32968
32166
32727
33154
29817
29913
29351
28112
27941
29953
27536
28424
25716
24382
24548
25258
25078
23833
24828
24640
29085
30082
28949
28662
31858
31474
33536
30451
28034
27407
29043
26796
28020
28310
26812
27174
35333
35017
33892
33804
29239
30627
30444
29718
25133
26031
26565
25498
31767
31740
30536
30715
26687
27093
27797
27894
28288
27264
25706
26698
25245
25266
25126
24001
31696
30685
33009
31536
30743
29189
29812
29120
25596
26041
26911
26781
27178
27394
28356
26546
26842
29044
28555
29845
24579
24250
24432
24731
27665
28842
28184
27797
28636
29261
29656
28252
28009
29226
29050
29206
31308
31367
30179
30607
31931
31937
33390
32701
25855
23674
24148
23717
25168
23976
25229
25633
28638
25762
27086
27841
29293
28768
30685
29749
27956
27148
25852
25816
33425
32790
32531
33868
29158
27056
29213
28604
26606
25140
23870
25021
32517
31809
30958
31795
30663
29962
29645
30857
25259
26261
24163
24428
28486
25818
28516
26820
26990
27290
28703
27478
27873
26913
27898
26913
26296
25155
26330
26144
26804
25831
27636
26428
24624
24311
23439
25087
30505
27948
29159
28361
19782
19849
18011
18515
28253
28157
26739
29120
32155
33434
31879
30306
27154
25522
25464
26518
24017
22336
22922
23252
28063
28253
29149
26924
37733
38767
37669
38559
32610
29834
31247
31295
24023
23630
24634
25024
29241
28325
29467
28057
28998
28291
28062
29041
29152
30448
31033
29102
25720
23489
23141
23860
24766
28171
27775
26186
29584
28271
29607
29093
30953
29749
32189
30763
20979
19779
20153
21209
31631
32216
32110
31463
31912
33130
32255
32840
31446
30449
30269
28365
21093
19015
20729
19529
26513
26402
27107
25463
23256
24863
23769
24108
25546
24078
26142
24597
25685
25689
24693
24972
31776
32075
32907
33072
26347
27451
27756
26761
25977
22915
25395
23789
23381
22629
22841
23659
25904
25545
25378
26487
21816
22674
22546
21854
24270
24692
23463
23377
26168
26265
25247
25867
